TITLE : T3 Square Plate with Point Load
        (23:7:12 on June 7, 2025, Saturday)

C O N T R O L   I N F O R M A T I O N

      NUMBER OF NODAL POINTS . . . . . . . . . . (NUMNP)  =     9
      NUMBER OF ELEMENT GROUPS . . . . . . . . . (NUMEG)  =     1
      NUMBER OF LOAD CASES . . . . . . . . . . . (NLCASE) =     1
      SOLUTION MODE  . . . . . . . . . . . . . . (MODEX)  =     1
         EQ.0, DATA CHECK
         EQ.1, EXECUTION

 N O D A L   P O I N T   D A T A

    NODE       BOUNDARY                         NODAL POINT
   NUMBER  CONDITION  CODES                     COORDINATES
        1    1    1    1       0.00000e+00    0.00000e+00    0.00000e+00
        2    0    1    1       5.00000e-01    0.00000e+00    0.00000e+00
        3    0    1    1       1.00000e+00    0.00000e+00    0.00000e+00
        4    1    0    1       0.00000e+00    5.00000e-01    0.00000e+00
        5    0    0    1       5.00000e-01    5.00000e-01    0.00000e+00
        6    0    0    1       1.00000e+00    5.00000e-01    0.00000e+00
        7    1    0    1       0.00000e+00    1.00000e+00    0.00000e+00
        8    0    0    1       5.00000e-01    1.00000e+00    0.00000e+00
        9    0    0    1       1.00000e+00    1.00000e+00    0.00000e+00

 EQUATION NUMBERS

   NODE NUMBER   DEGREES OF FREEDOM
        N           X    Y    Z
        1           0    0    0
        2           1    0    0
        3           2    0    0
        4           0    3    0
        5           4    5    0
        6           6    7    0
        7           0    8    0
        8           9   10    0
        9          11   12    0

 L O A D   C A S E   D A T A

     LOAD CASE NUMBER . . . . . . . =     1
     NUMBER OF CONCENTRATED LOADS . =     1

    NODE       DIRECTION      LOAD
   NUMBER                   MAGNITUDE
      5            2       -1.00000e+03

 E L E M E N T   G R O U P   D A T A


 E L E M E N T   D E F I N I T I O N

 ELEMENT TYPE  . . . . . . . . . . . . .( NPAR(1) ) . . =    3
     EQ.1, TRUSS ELEMENTS
     EQ.2, ELEMENTS CURRENTLY
     EQ.3, NOT AVAILABLE

 NUMBER OF ELEMENTS. . . . . . . . . . .( NPAR(2) ) . . =    8

    T3 ELEMENT INFORMATION:
    ELEMENT     NODE    NODE    NODE    MATERIAL
    NUMBER      I       J       K      SET NUMBER
        1    1        2        5           1
        2    1        5        4           1
        3    2        3        6           1
        4    2        6        5           1
        5    4        5        8           1
        6    4        8        7           1
        7    5        6        9           1
        8    5        9        8           1

   Ele =        Location Matrix
        1    0    0    1    0    4    5
        2    0    0    4    5    0    3
        3    1    0    2    0    6    7
        4    1    0    6    7    4    5
        5    0    3    4    5    9   10
        6    0    3    9   10    0    8
        7    4    5    6    7   11   12
        8    4    5   11   12    9   10

*** _Debug_ *** Column Heights
       0       1       0       3       4       5       6       5       6       7       7       8

*** _Debug_ *** Address of Diagonal Element
       1       2       4       5       9      14      20      27      33      40      48      56      65

	TOTAL SYSTEM DATA

     NUMBER OF EQUATIONS . . . . . . . . . . . . . .(NEQ) = 12
     NUMBER OF MATRIX ELEMENTS . . . . . . . . . . .(NWK) = 64
     MAXIMUM HALF BANDWIDTH  . . . . . . . . . . . .(MK ) = 9
     MEAN HALF BANDWIDTH . . . . . . . . . . . . . .(MM ) = 5


*** _Debug_ *** Banded stiffness matrix
   4.03846e+04  -1.15385e+05   1.55769e+05   4.03846e+04   0.00000e+00   0.00000e+00
   0.00000e+00   1.15385e+05   0.00000e+00   0.00000e+00  -4.03846e+04   0.00000e+00
   4.03846e+04  -1.15385e+05   0.00000e+00   4.03846e+04   0.00000e+00  -4.03846e+04
   1.55769e+05  -4.03846e+04  -4.03846e+04  -4.03846e+04   1.90385e+05   0.00000e+00
  -1.15385e+05   1.55769e+05   4.03846e+04   0.00000e+00   0.00000e+00   0.00000e+00
   0.00000e+00  -7.50000e+04  -4.03846e+04  -4.03846e+04   0.00000e+00   0.00000e+00
   0.00000e+00   1.15385e+05   5.76923e+03  -3.46154e+04  -1.15385e+05   3.46154e+04
   0.00000e+00   0.00000e+00  -4.03846e+04   4.03846e+04   0.00000e+00   0.00000e+00
  -4.03846e+04  -1.15385e+05   0.00000e+00  -4.03846e+04  -4.03846e+04   5.76923e+03
   1.55769e+05  -7.50000e+04   0.00000e+00   3.46154e+04   3.46154e+04   0.00000e+00
   3.46154e+04  -1.15385e+05   0.00000e+00   1.55769e+05

*** _Debug_ *** Full stiffness matrix
   4.03846e+04   1.55769e+05   0.00000e+00   1.15385e+05   4.03846e+04   1.55769e+05   1.55769e+05   0.00000e+00   0.00000e+00   0.00000e+00   0.00000e+00   0.00000e+00
   1.55769e+05  -1.15385e+05   0.00000e+00   0.00000e+00   0.00000e+00  -4.03846e+04  -1.15385e+05   0.00000e+00   0.00000e+00   0.00000e+00   0.00000e+00   0.00000e+00
   0.00000e+00   0.00000e+00   4.03846e+04   0.00000e+00  -4.03846e+04   0.00000e+00   0.00000e+00  -7.50000e+04   5.76923e+03   0.00000e+00   0.00000e+00   0.00000e+00
   1.15385e+05   0.00000e+00   0.00000e+00   0.00000e+00   0.00000e+00   4.03846e+04   1.90385e+05   0.00000e+00   1.15385e+05   4.03846e+04   1.55769e+05   1.55769e+05
   4.03846e+04   0.00000e+00  -4.03846e+04   0.00000e+00   0.00000e+00   0.00000e+00  -4.03846e+04   0.00000e+00   0.00000e+00  -4.03846e+04   5.76923e+03   0.00000e+00
   1.55769e+05  -4.03846e+04   0.00000e+00   4.03846e+04   0.00000e+00  -1.15385e+05  -4.03846e+04   0.00000e+00   0.00000e+00   0.00000e+00  -4.03846e+04  -1.15385e+05
   1.55769e+05  -1.15385e+05   0.00000e+00   1.90385e+05  -4.03846e+04  -4.03846e+04  -4.03846e+04   0.00000e+00   0.00000e+00   0.00000e+00  -4.03846e+04   3.46154e+04
   0.00000e+00   0.00000e+00  -7.50000e+04   0.00000e+00   0.00000e+00   0.00000e+00   0.00000e+00   4.03846e+04  -4.03846e+04   3.46154e+04   0.00000e+00   0.00000e+00
   0.00000e+00   0.00000e+00   5.76923e+03   1.15385e+05   0.00000e+00   0.00000e+00   0.00000e+00  -4.03846e+04  -4.03846e+04  -1.15385e+05  -1.15385e+05   3.46154e+04
   0.00000e+00   0.00000e+00   0.00000e+00   4.03846e+04  -4.03846e+04   0.00000e+00   0.00000e+00   3.46154e+04  -1.15385e+05  -3.46154e+04  -4.03846e+04   3.46154e+04
   0.00000e+00   0.00000e+00   0.00000e+00   1.55769e+05   5.76923e+03  -4.03846e+04  -4.03846e+04   0.00000e+00  -1.15385e+05  -4.03846e+04   0.00000e+00   0.00000e+00
   0.00000e+00   0.00000e+00   0.00000e+00   1.55769e+05   0.00000e+00  -1.15385e+05   3.46154e+04   0.00000e+00   3.46154e+04   3.46154e+04   0.00000e+00  -7.50000e+04

*** _Debug_ *** Banded stiffness matrix
   4.03846e+04  -7.16209e+05   3.85714e+00   4.03846e+04  -5.31114e+04   0.00000e+00
   6.21404e-01   2.85714e+00  -4.03846e+04   3.50000e-01  -1.00000e+00   2.17491e-01
   1.00000e+00  -1.36470e+05   3.50000e-01   1.17125e-01   0.00000e+00   8.95282e-01
   3.85714e+00   1.04274e+06  -1.11071e-01   2.65000e+00  -3.58462e+00   0.00000e+00
   1.00000e+00   3.85714e+00   6.43179e+03   1.93399e-01  -1.92349e-01   1.85714e+00
  -0.00000e+00  -1.85714e+00  -6.29695e+05  -9.85050e+00   4.84478e-01   1.02516e-02
   8.57143e-01  -2.17250e+00   1.42857e-01  -3.10033e+05  -1.09498e+00   1.28081e+01
   2.78912e-01  -1.05163e-01   1.35000e+00  -7.60375e-01   0.00000e+00   1.93620e+05
   1.86714e-02   7.25964e-01  -6.48814e+00   6.16222e-01   3.04583e-01   1.20714e+00
  -2.93287e+00   1.42131e+04   4.99531e-01  -6.84262e-01   8.42568e-01  -9.47604e+00
   6.95035e-01   8.39357e-01   1.35000e+00  -2.93287e+00

*** _Debug_ *** Full stiffness matrix
   4.03846e+04   3.85714e+00   0.00000e+00   2.85714e+00   1.00000e+00   3.85714e+00   3.85714e+00   0.00000e+00   0.00000e+00   0.00000e+00   0.00000e+00   0.00000e+00
   3.85714e+00  -7.16209e+05   0.00000e+00   6.21404e-01   2.17491e-01   8.95282e-01   1.00000e+00   0.00000e+00   0.00000e+00   0.00000e+00   0.00000e+00   0.00000e+00
   0.00000e+00   0.00000e+00   4.03846e+04   0.00000e+00  -1.00000e+00   0.00000e+00   0.00000e+00  -1.85714e+00   1.42857e-01   0.00000e+00   0.00000e+00   0.00000e+00
   2.85714e+00   6.21404e-01   0.00000e+00  -5.31114e+04   3.50000e-01   1.17125e-01  -3.58462e+00  -0.00000e+00  -2.17250e+00  -7.60375e-01  -2.93287e+00  -2.93287e+00
   1.00000e+00   2.17491e-01  -1.00000e+00   3.50000e-01  -4.03846e+04   3.50000e-01   2.65000e+00   1.85714e+00   8.57143e-01   1.35000e+00   1.20714e+00   1.35000e+00
   3.85714e+00   8.95282e-01   0.00000e+00   1.17125e-01   3.50000e-01  -1.36470e+05  -1.11071e-01  -1.92349e-01   1.02516e-02  -1.05163e-01   3.04583e-01   8.39357e-01
   3.85714e+00   1.00000e+00   0.00000e+00  -3.58462e+00   2.65000e+00  -1.11071e-01   1.04274e+06   1.93399e-01   4.84478e-01   2.78912e-01   6.16222e-01   6.95035e-01
   0.00000e+00   0.00000e+00  -1.85714e+00  -0.00000e+00   1.85714e+00  -1.92349e-01   1.93399e-01   6.43179e+03  -9.85050e+00   1.28081e+01  -6.48814e+00  -9.47604e+00
   0.00000e+00   0.00000e+00   1.42857e-01  -2.17250e+00   8.57143e-01   1.02516e-02   4.84478e-01  -9.85050e+00  -6.29695e+05  -1.09498e+00   7.25964e-01   8.42568e-01
   0.00000e+00   0.00000e+00   0.00000e+00  -7.60375e-01   1.35000e+00  -1.05163e-01   2.78912e-01   1.28081e+01  -1.09498e+00  -3.10033e+05   1.86714e-02  -6.84262e-01
   0.00000e+00   0.00000e+00   0.00000e+00  -2.93287e+00   1.20714e+00   3.04583e-01   6.16222e-01  -6.48814e+00   7.25964e-01   1.86714e-02   1.93620e+05   4.99531e-01
   0.00000e+00   0.00000e+00   0.00000e+00  -2.93287e+00   1.35000e+00   8.39357e-01   6.95035e-01  -9.47604e+00   8.42568e-01  -6.84262e-01   4.99531e-01   1.42131e+04

 LOAD CASE    1


*** _Debug_ *** Displacement vector
  -2.79662e-03  -1.69275e-02   4.24562e-03  -1.66106e-03   1.32722e-02
   3.52301e-03   1.19190e-02  -5.54136e-03  -8.85148e-03   5.33703e-03  -3.24558e-03
  -4.99089e-03

 D I S P L A C E M E N T S

  NODE           X-DISPLACEMENT    Y-DISPLACEMENT    Z-DISPLACEMENT
    1               0.00000e+00       0.00000e+00       0.00000e+00
    2              -2.79662e-03       0.00000e+00       0.00000e+00
    3              -1.69275e-02       0.00000e+00       0.00000e+00
    4               0.00000e+00       4.24562e-03       0.00000e+00
    5              -1.66106e-03       1.32722e-02       0.00000e+00
    6               3.52301e-03       1.19190e-02       0.00000e+00
    7               0.00000e+00      -5.54136e-03       0.00000e+00
    8              -8.85148e-03       5.33703e-03       0.00000e+00
    9              -3.24558e-03      -4.99089e-03       0.00000e+00

 S T R E S S  C A L C U L A T I O N S  F O R  E L E M E N T  G R O U P    1

  ELEMENT       STRESS_XX       STRESS_YY       STRESS_XY
  NUMBER
    1     5.46945e+02     5.73842e+03     1.83436e+02
    2    -1.78789e+02     1.72952e+03     1.45814e+03
    3    -4.87161e+03     3.54449e+03     3.30354e+03
    4     4.23034e+03     6.84343e+03    -3.51636e+01
    5    -1.86536e+03    -3.89239e+03     2.96615e+02
    6    -5.44042e+03    -5.74266e+03     1.75728e+03
    7     5.12796e+01    -7.08676e+03    -1.31199e+03
    8     1.48862e+03    -2.88619e+03    -2.82989e+03


 S O L U T I O N   T I M E   L O G   I N   S E C 

     TIME FOR INPUT PHASE = 1.56250e-02
     TIME FOR CALCULATION OF STIFFNESS MATRIX = 0.00000e+00
     TIME FOR FACTORIZATION AND LOAD CASE SOLUTIONS = 1.56250e-02

     T O T A L   S O L U T I O N   T I M E = 3.12500e-02

